   119         1     415187.8 415187.8     21.6      solver.solve()
   119         1     416969.3 416969.3     21.7      solver.solve()
   119         1     419703.5 419703.5     21.8      solver.solve()
   119         1     421113.7 421113.7     21.9      solver.solve()
   119         1     424647.3 424647.3     22.0      solver.solve()
   119         1     418386.3 418386.3     21.8      solver.solve()
   119         1     423361.6 423361.6     22.0      solver.solve()
   119         1     516459.8 516459.8     24.8      solver.solve()
   119         1     490536.7 490536.7     23.7      solver.solve()
   119         1     548970.4 548970.4     26.2      solver.solve()
   119         1     551007.2 551007.2     25.8      solver.solve()
   119         1     665574.2 665574.2     25.2      solver.solve()
   119         1     457266.8 457266.8     22.7      solver.solve()
   119         1     458369.8 458369.8     22.9      solver.solve()
   119         1     473229.6 473229.6     23.0      solver.solve()
   119         1     437286.7 437286.7     22.0      solver.solve()
   119         1     493683.0 493683.0     24.3      solver.solve()
   119         1     524285.3 524285.3     24.6      solver.solve()
   119         1     439194.4 439194.4     21.5      solver.solve()
   119         1     603537.3 603537.3     27.3      solver.solve()
   119         1     473433.1 473433.1     23.5      solver.solve()
   119         1     442254.9 442254.9     22.4      solver.solve()
   119         1     602602.4 602602.4     27.8      solver.solve()
   119         1     478398.1 478398.1     23.3      solver.solve()
   119         1     423108.1 423108.1     21.9      solver.solve()
   119         1     469212.1 469212.1     23.6      solver.solve()
   119         1     513756.9 513756.9     24.6      solver.solve()
   119         1     421597.0 421597.0     20.9      solver.solve()
   119         1     470843.0 470843.0     23.4      solver.solve()
   119         1     423976.4 423976.4     21.3      solver.solve()
   119         1     421647.4 421647.4     21.9      solver.solve()
   119         1     439660.5 439660.5     22.6      solver.solve()
   119         1     419574.0 419574.0     21.8      solver.solve()
   119         1     428505.3 428505.3     22.2      solver.solve()
   119         1     440542.3 440542.3     22.6      solver.solve()
   119         1     476487.9 476487.9     23.4      solver.solve()
   119         1     466347.6 466347.6     23.3      solver.solve()
   119         1     426142.5 426142.5     21.7      solver.solve()
   119         1     460801.0 460801.0     23.1      solver.solve()
   119         1     462073.3 462073.3     23.0      solver.solve()
   119         1     541390.7 541390.7     26.2      solver.solve()
   119         1     418193.7 418193.7     21.6      solver.solve()
   119         1     475676.3 475676.3     23.9      solver.solve()
   119         1     418879.8 418879.8     21.8      solver.solve()
   119         1     437727.2 437727.2     22.1      solver.solve()
   119         1     441311.3 441311.3     22.3      solver.solve()
   119         1     514087.9 514087.9     24.9      solver.solve()
   119         1     426464.2 426464.2     21.8      solver.solve()
   119         1     424324.2 424324.2     22.0      solver.solve()
   119         1     431523.2 431523.2     22.2      solver.solve()
   119         1     420896.4 420896.4     21.9      solver.solve()
   119         1     422383.5 422383.5     21.8      solver.solve()
   119         1     429782.4 429782.4     22.2      solver.solve()
   119         1     450875.8 450875.8     23.0      solver.solve()
   119         1     486840.7 486840.7     24.4      solver.solve()
   119         1     418510.9 418510.9     21.6      solver.solve()
   119         1     424517.5 424517.5     22.0      solver.solve()
   119         1     420542.9 420542.9     21.8      solver.solve()
   119         1     419755.8 419755.8     21.8      solver.solve()
   119         1     417656.4 417656.4     21.7      solver.solve()
   119         1     418828.4 418828.4     21.8      solver.solve()
   119         1     425754.2 425754.2     22.1      solver.solve()
   119         1     424969.0 424969.0     22.0      solver.solve()
   119         1     420160.3 420160.3     21.8      solver.solve()
   119         1     420516.3 420516.3     21.8      solver.solve()
   119         1     419650.9 419650.9     21.8      solver.solve()
   119         1     421533.1 421533.1     21.9      solver.solve()
   119         1     417074.0 417074.0     21.7      solver.solve()
   119         1     420054.4 420054.4     21.8      solver.solve()
   119         1     419772.2 419772.2     21.8      solver.solve()
   119         1     419494.8 419494.8     21.8      solver.solve()
   119         1     419698.0 419698.0     21.8      solver.solve()
   119         1     425884.2 425884.2     22.1      solver.solve()
   119         1     418365.5 418365.5     21.8      solver.solve()
   119         1     418673.5 418673.5     21.8      solver.solve()
   119         1     417044.9 417044.9     21.7      solver.solve()
   119         1     420230.6 420230.6     21.8      solver.solve()
   119         1     418415.7 418415.7     21.8      solver.solve()
   119         1     423172.0 423172.0     22.0      solver.solve()
   119         1     417017.2 417017.2     21.7      solver.solve()
   119         1     419714.4 419714.4     21.8      solver.solve()
   119         1     420610.8 420610.8     21.9      solver.solve()
   119         1     424432.6 424432.6     22.0      solver.solve()
   119         1     419560.6 419560.6     21.8      solver.solve()
   119         1     416407.9 416407.9     21.7      solver.solve()
   119         1     421845.2 421845.2     21.9      solver.solve()
   119         1     421813.7 421813.7     21.9      solver.solve()
   119         1     419144.7 419144.7     21.8      solver.solve()
   119         1     418283.7 418283.7     21.7      solver.solve()
   119         1     417611.7 417611.7     21.7      solver.solve()
   119         1     419278.0 419278.0     21.8      solver.solve()
   119         1     424070.5 424070.5     22.0      solver.solve()
   119         1     421712.4 421712.4     21.9      solver.solve()
   119         1     417286.3 417286.3     21.7      solver.solve()
   119         1     422529.2 422529.2     21.9      solver.solve()
   119         1     510582.3 510582.3     24.9      solver.solve()
   119         1     496161.5 496161.5     24.3      solver.solve()
   119         1     518399.5 518399.5     24.2      solver.solve()
   119         1     420413.0 420413.0     21.8      solver.solve()
   119         1     424746.3 424746.3     22.0      solver.solve()

time_min:415187.8, time_max:665574.2, time_avg:446819.888, time_std:46221.06284165755
percent_min:20.9, percent_max:27.8, percent_avg:22.576000000000004, percent_std:1.332450374310428
