LOOKHERE                                                    0.94       1.03       1.26       0.97       18         18.57     
LOOKHERE                                                    0.88       0.99       1.10       0.90       18         17.83     
LOOKHERE                                                    0.68       0.79       1.00       0.70       18         14.14     
LOOKHERE                                                    0.68       0.71       0.78       0.68       18         12.73     
LOOKHERE                                                    0.73       0.80       0.93       0.80       18         14.35     
LOOKHERE                                                    0.68       0.75       0.87       0.78       18         13.44     
LOOKHERE                                                    0.68       0.70       0.83       0.68       18         12.67     
LOOKHERE                                                    0.68       0.70       0.78       0.68       18         12.64     
LOOKHERE                                                    0.68       0.74       0.97       0.72       18         13.26     
LOOKHERE                                                    0.71       0.74       0.80       0.76       18         13.25     
LOOKHERE                                                    0.69       0.71       0.79       0.69       18         12.84     
LOOKHERE                                                    0.67       0.71       0.83       0.69       18         12.83     
LOOKHERE                                                    0.68       0.72       0.80       0.70       18         13.03     
LOOKHERE                                                    0.68       0.72       0.84       0.69       18         12.92     
LOOKHERE                                                    0.67       0.74       0.98       0.90       18         13.29     
LOOKHERE                                                    0.67       0.74       0.93       0.70       18         13.35     
LOOKHERE                                                    0.68       0.74       0.96       0.68       18         13.29     
LOOKHERE                                                    0.69       0.77       1.04       0.70       18         13.78     
LOOKHERE                                                    0.68       0.69       0.77       0.68       18         12.44     
LOOKHERE                                                    0.68       0.70       0.76       0.69       18         12.53     
LOOKHERE                                                    0.67       0.70       0.76       0.70       18         12.68     
LOOKHERE                                                    0.67       0.70       0.77       0.69       18         12.54     
LOOKHERE                                                    0.68       0.70       0.75       0.68       18         12.54     
LOOKHERE                                                    0.67       0.69       0.77       0.69       18         12.41     
LOOKHERE                                                    0.67       0.69       0.78       0.68       18         12.33     
LOOKHERE                                                    0.68       0.71       0.86       0.68       18         12.73     
LOOKHERE                                                    0.69       0.78       0.85       0.80       18         14.06     
LOOKHERE                                                    0.70       0.73       0.81       0.80       18         13.11     
LOOKHERE                                                    0.68       0.69       0.75       0.68       18         12.39     
LOOKHERE                                                    0.68       0.72       0.88       0.70       18         12.98     
LOOKHERE                                                    0.67       0.70       0.78       0.68       18         12.61     
LOOKHERE                                                    0.82       1.02       1.20       0.93       18         18.27     
LOOKHERE                                                    0.86       0.99       1.24       0.94       18         17.87     
LOOKHERE                                                    0.89       1.00       1.17       0.91       18         17.99     
LOOKHERE                                                    0.70       0.81       1.01       0.82       18         14.59     
LOOKHERE                                                    0.67       0.69       0.75       0.68       18         12.36     
LOOKHERE                                                    0.68       0.69       0.76       0.69       18         12.49     
LOOKHERE                                                    0.68       0.70       0.78       0.69       18         12.58     
LOOKHERE                                                    0.67       0.69       0.76       0.68       18         12.40     
LOOKHERE                                                    0.68       0.69       0.76       0.69       18         12.44     
LOOKHERE                                                    0.72       0.74       0.80       0.72       18         13.36     
LOOKHERE                                                    0.68       0.73       0.84       0.68       18         13.13     
LOOKHERE                                                    0.77       0.97       1.19       0.93       18         17.49     
LOOKHERE                                                    0.68       0.83       1.17       0.68       18         14.96     
LOOKHERE                                                    0.67       0.74       0.92       0.68       18         13.25     
LOOKHERE                                                    0.87       0.98       1.17       1.02       18         17.68     
LOOKHERE                                                    0.70       0.78       0.86       0.80       18         13.95     
LOOKHERE                                                    0.67       0.69       0.76       0.68       18         12.33     
LOOKHERE                                                    0.80       1.01       1.35       0.99       18         18.11     
LOOKHERE                                                    0.88       0.97       1.14       1.14       18         17.52     
LOOKHERE                                                    0.68       0.74       1.01       0.69       18         13.25     
LOOKHERE                                                    0.68       0.71       0.80       0.70       18         12.81     
LOOKHERE                                                    0.68       0.82       1.03       0.80       18         14.76     
LOOKHERE                                                    0.92       1.04       1.25       0.92       18         18.79     
LOOKHERE                                                    0.69       0.81       1.05       0.79       18         14.52     
LOOKHERE                                                    0.87       0.97       1.09       0.95       18         17.43     
LOOKHERE                                                    0.69       0.77       0.90       0.79       18         13.82     
LOOKHERE                                                    0.68       0.73       0.87       0.81       18         13.05     
LOOKHERE                                                    0.69       0.91       1.20       1.20       18         16.33     
LOOKHERE                                                    0.69       0.73       0.83       0.69       18         13.15     
LOOKHERE                                                    0.84       0.99       1.17       0.90       18         17.87     
LOOKHERE                                                    0.68       0.74       0.85       0.68       18         13.24     
LOOKHERE                                                    0.70       0.78       0.85       0.75       18         13.97     
LOOKHERE                                                    0.68       0.78       0.87       0.79       18         14.06     
LOOKHERE                                                    0.68       0.78       0.87       0.76       18         14.10     
LOOKHERE                                                    0.68       0.75       0.84       0.77       18         13.47     
LOOKHERE                                                    0.68       0.75       0.98       0.70       18         13.57     
LOOKHERE                                                    0.71       0.78       0.82       0.71       18         13.96     
LOOKHERE                                                    0.69       0.74       0.96       0.80       18         13.30     
LOOKHERE                                                    0.68       0.74       0.81       0.80       18         13.39     
LOOKHERE                                                    0.69       0.76       0.87       0.79       18         13.76     
LOOKHERE                                                    0.68       0.72       0.79       0.70       18         12.93     
LOOKHERE                                                    0.67       0.70       0.80       0.68       18         12.52     
LOOKHERE                                                    0.68       0.74       0.91       0.69       18         13.38     
LOOKHERE                                                    0.68       0.71       0.86       0.68       18         12.71     
LOOKHERE                                                    0.70       0.72       0.77       0.71       18         12.90     
LOOKHERE                                                    0.68       0.70       0.79       0.68       18         12.61     
LOOKHERE                                                    0.67       0.70       0.77       0.68       18         12.54     
LOOKHERE                                                    0.71       0.73       0.80       0.73       18         13.10     
LOOKHERE                                                    0.69       0.72       0.78       0.72       18         12.91     
LOOKHERE                                                    0.68       0.72       0.86       0.73       18         12.98     
LOOKHERE                                                    0.68       0.79       0.99       0.74       18         14.15     
LOOKHERE                                                    0.67       0.71       0.88       0.69       18         12.78     
LOOKHERE                                                    0.68       0.73       1.00       0.78       18         13.15     
LOOKHERE                                                    0.68       0.73       0.92       0.69       18         13.19     
LOOKHERE                                                    0.67       0.71       0.82       0.72       18         12.83     
LOOKHERE                                                    0.68       0.71       0.79       0.69       18         12.71     
LOOKHERE                                                    0.69       0.72       0.79       0.71       18         13.01     
LOOKHERE                                                    0.67       0.71       0.83       0.71       18         12.79     
LOOKHERE                                                    0.68       0.72       0.78       0.71       18         12.94     
LOOKHERE                                                    0.68       0.71       0.79       0.70       18         12.83     
LOOKHERE                                                    0.68       0.71       0.79       0.77       18         12.77     
LOOKHERE                                                    0.68       0.71       0.79       0.72       18         12.76     
LOOKHERE                                                    0.68       0.70       0.77       0.68       18         12.60     
LOOKHERE                                                    0.68       0.71       0.77       0.70       18         12.76     
LOOKHERE                                                    0.68       0.75       0.94       0.69       18         13.48     
LOOKHERE                                                    0.68       0.75       0.96       0.68       18         13.53     
LOOKHERE                                                    0.67       0.70       0.79       0.70       18         12.56     
LOOKHERE                                                    0.68       0.70       0.77       0.69       18         12.61     
LOOKHERE                                                    0.70       0.73       0.83       0.70       18         13.10     
Total time: time_min:12.33, time_max:18.79, time_avg:13.747070707070705, time_std:1.6975676315503248
sample_min_min:0.67, sample_min_max:0.94, sample_min_avg:0.7041414141414144, sample_min_std:0.0615951280542577
sample_avg_min:0.69, sample_avg_max:1.04, sample_avg_avg:0.7643434343434345, sample_avg_std:0.0939606796781453
sample_max_min:0.75, sample_max_max:1.35, sample_max_avg:0.8952525252525251, sample_max_std:0.1446021601354742
